﻿ID,speaker,affiliation,position,bio,title,abstract,topic,session,day,start_time,duration,end_time
,,,,,,,Check-in,Tu.Ch,Tuesday 9th,08:30,30,09:00
,"Mikkel Baun Kjærgaard & Miguel Campusano",SDU,,"Mikkel Baun Kjærgaard is a professor at the Software Engineering Section at the University of Southern Denmark. His research focuses on software engineering and data-science with applications in ubiquitous computing and cyber-physical systems. He has contributed with new methods for human sensing and data analytics and methods for the optimization of software qualities, including performance, usability, integration, energy efficiency, and privacy protection. This has, among others, led to important contributions to data science methods within robotics, logistics, and activity recognition. Miguel Campusano is an associate professor at the Software Engineering Section at the University of Southern Denmark. He conducts research in the area of software engineering for robotic development, specifically focusing on programming languages, model-driven development, and programming experience. He has developed languages and tools to program mobile robots, drones, and cobots. The focus of these tools is to increase both developers' productivity and their understanding of different robotic systems.",Welcome Talk / SDU Keynote,Software Engineering in robotics system from SDU perspective,Keynote,Tu.W,Tuesday 9th,09:00,45,09:45
,,,,,,,Coffee Break,Tu.CB1,Tuesday 9th,09:45,15,10:00
,Mirgita Frasheri,Aarhus University,,,Building a Digital Twin for the Desktop Robotti,,Sessions & Discussions,Tu1,Tuesday 9th,10:00,20,10:20
,Andreas Wiedholz,XITASO GmbH,,,Self-adaptive systems based on ROS2: Current research plan,,Sessions & Discussions,Tu1,Tuesday 9th,10:20,20,10:40
,Till Schallau,TU Dortmund University,,,STARS: Classification of Scenarios and Checking of Functional Requirements of Automated Robotic Systems,,Sessions & Discussions,Tu1,Tuesday 9th,10:40,20,11:00
,Kevin Hermann,Ruhr University Bochum,,,A Taxonomy of Functional Security Features and How They Can Be Located,,Sessions & Discussions,Tu1,Tuesday 9th,11:00,20,11:20
,,,,,,,Lunch,Tu.Lu,Tuesday 9th,11:20,70,12:30
,,,,,,,I40Lab Tour,Tu.T,Tuesday 9th,12:30,120,14:30
,,,,,,,Coffee Break,Tu.CB2,Tuesday 9th,14:30,15,14:45
,Nils Chur,Ruhr University Bochum,,,Beyond the Control Equations: An Artifact Study of Implementation Quality in Robot Control Software,,Sessions & Discussions,Tu2,Tuesday 9th,14:45,20,15:05
,Felix Reuter,University of Southern Denmark,,,Simulation and Analysis of Vision-Based Welding Operations of Micro Panels in Shipbuilding,,Sessions & Discussions,Tu2,Tuesday 9th,15:05,20,15:25
,Ricardo Diniz Caldas,Gran Sasso Science Institute,,,Runtime Verification and Field-based Testing for ROS-based Robotic Systems,,Sessions & Discussions,Tu2,Tuesday 9th,15:25,20,15:45
,Ola Rønning,University of Copenhagen,,,Real-Time Bayesian Filtering for Pose Estimation with Stein Mixtures,,Sessions & Discussions,Tu2,Tuesday 9th,15:45,20,16:05
,,,,,,,Coffee Break,Tu.CB3,Tuesday 9th,16:05,15,16:20
,Mehran Rostamnia,Gran Sasso Science Institute (GSSI),,,Towards Adaptable and Uncertainty-aware Behavior Trees,,Sessions & Discussions,Tu3,Tuesday 9th,16:20,20,16:40
,Sune Lundø Sørensen,SDU Software Engineering,,,A Wearable Real-Time 2D/3D Eye-Gaze Interface to Realize Robot Assistance,,Sessions & Discussions,Tu3,Tuesday 9th,16:40,20,17:00
,Henriette Knopp,Ruhr-University Bochum,,,On Developing ML-based systems: Thinking Machine Learning on a Software Scale,,Sessions & Discussions,Tu3,Tuesday 9th,17:00,20,17:20
,,,,,,,Round Table Discussions,Tu.RT,Tuesday 9th,17:20,25,17:45
,,,,,,"Storms Pakhus<br>
<br>
We reserved a table in the local street food market Storm Pakhus, where we can have dinner and hang out together.<br>
Be aware that this event is not included in the registration fee.<br>
<br>
Address:<br>
Lerchesgade 4<br>
5000 Odense
<br>
<a href=""https://maps.app.goo.gl/PG8kAcihztF1283n6"">Google Maps</a>",Social Event,Tu.SE,Tuesday 9th,18:30,,,
,,,,,,"Turistbusholdepladsen Dannebrogsgade 5, 5000 Odense C. ",Airport Transportation,We.AT,Wednesday 10th,08:30,30,09:00
,,,,,,,Welcome / Overview,We.W,Wednesday 10th,09:00,20,09:20
,Ulrik Pagh Schultz Lundquist,SDU UAS,,,Keynote: SDU UAS,,Keynote,We.K1,Wednesday 10th,09:20,30,09:50
,,,,,,,Tour,We.T1,Wednesday 10th,09:50,20,10:10
,,,,,,,Coffee Break,We.CB1,Wednesday 10th,10:10,30,10:40
,,,,,,"Session x 2 (slots available)",Sessions & Discussions,We1,Wednesday 10th,10:40,40,11:20
,,,,,,,Round Table Discussions,We.RT1,Wednesday 10th,11:20,30,11:50
,,,,,,,Lunch,We.Lu,Wednesday 10th,11:50,25,12:15
,,,,,,,UR/MIR Transportation,We.T2,Wednesday 10th,12:20,40,13:00
,,,,,,,Executive Welcome,We.EW,Wednesday 10th,13:00,15,13:15
,,,,,Keynote 1: Academia vs Industry – insights from Universal Robots,,Keynote,We.K2,Wednesday 10th,13:15,45,14:00
,"Oscar Flindt Thomsen & Julie Thygesen Rydahl",Odense Robotics,,"Oscar Flindt Thomsen, Project Manager, Talent, Odense Robotics. Julie Thygesen Rydahl, Project Manager, Internationalisation, Odense Robotics.",Keynote 2: Odense Robotics,Odense Robotics – Denmark's national cluster for robot automation and drone technology. Learn about Odense Robotics our collaboration with international partners and how we nurture the talent driving tomorrow's innovations.,Keynote,We.K3,Wednesday 10th,14:00,30,14:30
,,,,,,,Coffee Break and meet the experts from UR,We.CB2,Wednesday 10th,14:30,30,15:00
,,,,,,,Showroom and Quality gate tour,We.T3,Wednesday 10th,15:00,45,15:45
,,,,,,,Networking,We.N,Wednesday 10th,15:45,45,16:30
,,,,,,,Transportation back to city center,We.T4,Wednesday 10th,16:30,20,16:50
,,,,,,"Oluf Bagers Gaard<br>
<br>
Dinner at modern Danish restaurant. <br>
Payment included in the registration fee. <br>
<br>
Address:<br>
Nørregade 29<br>
5000 Odense
<br>
<a href=""https://maps.app.goo.gl/CrSMyGvyNKPZMQ5T9"">Google Maps</a>",Dinner,We.Di,Wednesday 10th,18:00,,,
,Mashal Afzal Memon and Anjali Santhosh,University of L'Aquila,,,Adaptive Coordination of Multi Robot Systems: addressing Uncertainty while embracing Ethical-awareness,,Sessions & Discussions,Th1,Thursday 11th,09:00,20,09:20
,Vicente Romeiro Moraes,Ruhr Universität Bochum,,,Property Specification and Verification for Behaviour Trees,,Sessions & Discussions,Th1,Thursday 11th,09:20,20,09:40
,Diana Carolina Benjumea Hernandez,The University of Manchester,,,Instantiating an Architecture for Autonomous Robots in Highly Regulated Domains,,Sessions & Discussions,Th1,Thursday 11th,09:40,20,10:00
,Gianluca Filippone,Gran Sasso Science Institute,,,MULTI-3: Empowering Multi-Mission Multi-Robot and Multi-Instance Task Execution,,Sessions & Discussions,Th1,Thursday 11th,10:00,20,10:20
,,,,,,,Coffee Break,Th.CB1,Thursday 11th,10:20,15,10:35
,Taiga Suda and Takashi Yoshimi,Shibaura Institute of Technology,,,Application and evaluation of model predictive control (MPC) to a polishing robot system,,Sessions & Discussions,Th2,Thursday 11th,10:35,20,10:55
,Thorsten Berger,Ruhr University Bochum,,,Teaching Autonomous Driving,,Sessions & Discussions,Th2,Thursday 11th,10:55,20,11:15
,Gianluca Bardaro,Politecnico di Milano,,,Robot software in the era of large models,,Sessions & Discussions,Th2,Thursday 11th,11:15,20,11:35
,William Appleton Coolidge,SDU Software Engineering,,,Robot program structure implications from the use of semantic data,,Sessions & Discussions,Th2,Thursday 11th,11:35,20,11:55
,,,,,,,Lunch,Th.Lu,Thursday 11th,11:55,50,12:45
,Yoganata Kristanto,SDU Software Engineering,,,Visual Representation Techniques for Comprehension of Cobotic Program Execution and Future Reuse,,Sessions & Discussions,Th3,Thursday 11th,12:45,20,13:05
,Juan Antonio Pinera Garcia,Gran Sasso Science Institute,,,Adaptation in Heterogeneous Multirobot systems via LLMs,,Sessions & Discussions,Th3,Thursday 11th,13:05,20,13:25
,Jude Gyimah,Ruhr University Bochum,,,Quality Aspects of Robot Mission Requirements for Mission Modeling and Synthesis,,Sessions & Discussions,Th3,Thursday 11th,13:25,20,13:45
,Forough Zamani,Delft University of Technology (TU Delft) Cognitive Robotics Department,,,A Causal Modeling Approach for Self-Tuning the ROS 2 Navigation Stack,,Sessions & Discussions,Th3,Thursday 11th,13:45,20,14:05
,,,,,,,Coffee Break,Th.CB2,Thursday 11th,14:05,15,14:20
,Yorick Sens,Ruhr University Bochum,,,Safeguarding ML-enabled Systems,,Sessions & Discussions,Th4,Thursday 11th,14:20,20,14:40
,Taichi Ishikawa and Takashi Yoshimi,Shibaura Institute of Technology,,,Consideration and verification of a decoration sticker attachment motion to the candle side surface by a robot arm,,Sessions & Discussions,Th4,Thursday 11th,14:40,20,15:00
,Sara Pettinari,Gran Sasso Science Institute,,,Enhancing Robotic Mission Analysis via Process Mining and Visual Analytics,,Sessions & Discussions,Th4,Thursday 11th,15:00,20,15:20
,Mukelabai Mukelabai,Ruhr-University Bochum,,,Data-Driven Fault Localization in Practice: A Survey,,Sessions & Discussions,Th4,Thursday 11th,15:20,20,15:40
,,,,,,,Round Table Discussions / Closing Remarks,Th.RT,Thursday 11th,15:40,50,16:30